010100101011
111000110010
011011000011
100001011110
100010100111
101000111100
110010010101
111001001001
110000001111
110110001100
001101011010
110010100101
011001011100
000011100111
101010011010
111011000010
001101010110
010011001011
101100011001
110100101001
100010111001
110110000110
100000111110
001111100010
001011011001
100000111011
000110111010
110010010110
101010100011
001000111101
011010001011
010000101111
110010000111
100101110010
010101001110
011110110000
101001111000
000101100111
000101111010
110000110011
010111100100
010011000111
011001001110
000011011011
001110100110
111001011000
110110001001
001100111010
100100011110
001010101011
011100011100
010001011101
000011110011
000011001111
001110001011
000100101111
100010110011
110001111000
111100001010
011100010101
111110000010
000101110101
000111001110
110100010110
111100010001
010101001101
110101100001
100111101000
001101110100
110000111010
001111011000
010010110110
100100111010
000011101110
101110000110
100000101111
010001011011
011011001010
110010001011
001001011110
100011110010
101001011100
100110100011
010110110100
011101010001
111000010101
110101001001
101100100110
001010001111
010111001010
101111000010
000001111011
000110110110
110010011001
010101101100
100010111010
100111001010
111000110100
011101011000
001011100110
100110010011
101010101010
110100011010
011111000100
011000101101
110011001100
111111000000
001001111001
111110000001
001110100101
100111100100
100000110111
000110011110
110010111000
110010101010
011000111100
110000011101
010101101010
110101010100
101000111001
110011010010
001110001101
011101000011
100011000111
001110011100
010101100011
011110001001
001010111100
001111100100
001011010110
000001110111
011010011100
011000011110
001101101100
101111100000
010110011010
000001011111
011100010110
110100001110
000011101011
001001111100
101001101010
000111110100
101101011000
000110110011
001101110010
100101110100
110100001101
000110010111
011101001001
010110101100
001110110100
110011100010
111110001000
101100110001
111010001001
101010011001
000001101111
110110011000
011001110100
110001011001
111000010110
011100100011
111010010100
000100110111
100010101101
001111001100
110100111000
100011111000
001011110100
101110100001
011101100001
110110101000
101010001101
110100110010
011110000110
101010110010
110110100100
001111100001
010100010111
001010100111
101100011010
010111100001
000101101101
001010011011
010101111000
010101100101
100100110101
011000111001
001110011001
111010001010
001011011010
110011010001
011110010100
001101101010
011111010000
000001111110
010110101001
110011011000
101101110000
100011100110
000110101101
100001111010
010111100010
100010110110
101010100101
011100101010
001101100110
110000011110
000111001101
111001001100
001001110110
001110010110
010010101011
010110100011
001000110111
010110011001
011110011000
011100110001
110001001110
001110101100
100101001101
001000111110
110011000101
011110010010
101000100111
111100110000
100111000101
100111100001
001101101001
010100110110
001000011111
011010001110
001101110001
101000111010
011101000101
011000110110
000110001111
001010110110
011010100101
011001111000
001111010001
001001101101
101000101011
100111110000
000111000111
100010111100
011010101001
011000011101
111011001000
101101000011
101111000100
001011110001
110111100000
001111000110
010110000111
000101010111
001010110101
001101010011
010110001110
010001100111
001111000101
001110110010
011010001101
010000011111
010111000101
100101010101
011001010101
111001001010
000010111101
100101100101
000100111011
001010010111
010011100011
010110010011
111010100100
010011100101
110110001010
110101001010
000001111101
011101100010
010110100101
000111101010
000101011110
010011110010
000111010011
100010011011
100101010110
010101110100
001010011101
010111010001
110010100110
101011100010
000111010101
101101010010
111000010011
011100001011
110001110010
000010101111
101101001100
100111100010
100101011010
111101100000
001001110011
010101101001
110100011100
101010110100
010001110011
010011010110
010010011101
100001101011
111010101000
010100111001
001011101100
101001100101
110001010011
010110001101
100011010101
010101110010
001100001111
011001100101
111011100000
010011001101
111100000101
110100110001
101001101100
100111001100
010110010110
110100010011
010111101000
111001000101
001011001110
001011100101
100100110011
101010011100
111001100010
000000111111
000101001111
010110110001
000101011101
110001010101
110111000010
110100100101
010101110001
010111001001
101001011010
101100011100
111010001100
111010000101
001101000111
110101110000
110000111100
101001011001
101100101010
100110101100
101010001110
111100101000
011110100001
101001010101
000100111110
101001010011
010111011000
111000100011
100101100011
010010110011
110001010110
110110010001
100101011001
011011001001
011010011001
111110100000
001100111001
100110110010
000010111011
110101100010
001001101011
100101010011
011110101000
010011011010
011001110010
010000111110
001001100111
011111000010
110001100101
001111000011
111010010010
101011000110
010101001011
110010110001
111110000100
101011110000
101101010001
110011100001
010001111100
011110100100
000010111110
111000000111
100011101010
100100100111
011001100011
001000111011
110000110101
101100100101
001101001011
000111110010
101101000101
010101000111
010010111010
110110010100
111101000100
001011001101
111100001001
110001101001
110010011010
001111110000
100101001110
010100011110
011011100010
000011011101
100110011001
110101010001
001011010011
001110110001
000011110101
010001111001
011001010110
001010110011
000111010110
100110011100
010100110011
101001010110
110001101010
011011110000
100111010100
111001101000
010111000110
001110101001
101100101100
111001100100
110100100011
010010110101
000110011011
110001100110
010001101101
000110100111
100001110110
111101001000
001101100101
110001110100
000111100101
001100101110
011100110010
100100001111
000101101110
100011011001
001010101110
001001011011
110010001101
110101011000
100000111101
101001110100
011110000101
111000011001
111100100100
111100000011
110010110100
010010100111
100001101101
011000101011
000110101110
100010101110
101011001010
011011010001
011100111000
010010111001
101011011000
011001101010
110100010101
100011101100
010100011101
110101000011
100001001111
001000101111
001110010101
111000100101
010100101101
011101100100
110100101010
110000010111
111011000001
000111001011
000100011111
100110101010
100001100111
011000010111
110110000101
011010010101
011011000101
101000010111
100111010001
101110001010
110011000011
101010110001
100011011010
011010000111
110011110000
100110111000
001101011100
110101010010
001110011010
100001111001
011001001011
010111110000
101010101001
000111101001
111001000011
001100011011
011100000111
001100111100
011010110100
101011001100
000111111000
010101010011
101011100001
101100010101
010111010100
101110010010
011000011011
110001011100
011100101001
110110100001
111000011010
101101100010
111001010001
101011000101
111010000110
001101100011
001111010010
110001000111
000101110011
101011010001
100110010110
010001111010
011001010011
101101100001
101001100011
101010000111
000011111001
010100001111
100011101001
100110010101
100111010010
011000001111
100100011011
010001110110
011110000011
111101010000
010100110101
100011010011
101110010100
100011011100
001100110101
001110100011
101110000101
000111011100
001110101010
011011101000
110000101101
000101110110
010001101011
110001001011
010011011001
000111011010
011011000110
010110100110
101010001011
110100100110
000101011011
011010111000
101100101001
101110100100
011101001100
111100100001
001011011100
010110011100
000011101101
100110001110
011001101001
100100011101
100101101010
101100010110
100111011000
001100100111
010010011011
001011101010
101100001011
100001011101
010010010111
010101011010
011111100000
101000110101
111010000011
011010110010
101111010000
100011100101
011100011001
000110110101
100101111000
010011010101
100110110100
001110111000
110101001100
010110110010
011001110001
001001010111
110011100100
111000101100
100101000111
000011111010
111100000110
101101001010
110111010000
110000100111
100011001101
101110000011
010010011110
010011101100
011011010100
001101011001
101110001100
010110010101
111011010000
101000011011
110001101100
111000110001
110110000011
101001101001
011011011000
101001001110
100101001011
001110010011
110110010010
011010101100
111001110000
010011110100
010100100111
010001011110
010100111010
100100110110
010001001111
101010100110
110000101011
001001111010
011011010010
110100000111
100111001001
101110100010
100110001101
001111101000
100100111100
011101001010
001110001110
111010110000
110111000001
010011100110
101011000011
100100101011
110100110100
011001001101
001111001001
101001001101
100101110001
101000110110
001110000111
110000011011
001010011110
111001010010
111100010100
100001111100
010111000011
000110011101
110001100011
001001011101
110100101100
100101100110
100110001011
101011010100
110000101110
011011100100
000111011001
101011100100
110101101000
011010010011
011110010001
001101001101
001100101101
101010101100
001100110011
100010011101
101001001011
101110011000
010000110111
001001110101
100010001111
010010001111
011100001101
011011001100
001101111000
110011001010
011010101010
001100101011
111010011000
111000001101
111010010001
010101010110
101011001001
100000011111
010101011001
010100111100
111011000100
100011001110
110000110110
101000011110
000101111001
100111000011
100010010111
011101010010
110010110010
011001101100
000101101011
100110011010
000011110110
101011101000
110010101100
000110101011
101000110011
110010011100
100011100011
110111000100
101100000111
010011001110
111000011100
110001011010
100010101011
101110110000
011100010011
010100011011
011100100101
110010101001
100001110011
011000100111
001011010101
010000111101
010011110001
011100011010
010010111100
011000111010
101111001000
100100101101
010011010011
100110000111
000010011111
101101000110
011101000110
111001000110
011010011010
011110001010
010000111011
011010110001
110001110001
010001110101
001100110110
101000011101
011010100011
110101000110
111000001110
000010110111
100101101001
011010010110
010101010101
111100100010
111100001100
100110100101
000110111100
011011100001
011110001100
100001010111
010011011100
101111000001
101010111000
111000101001
011110100010
100001110101
111010100010
101001110010
001100011110
001011111000
110000111001
010100101110
101000101101
101011010010
100011001011
001111010100
011001011001
011010100110
011001000111
000110111001
100100101110
101101101000
011000101110
101001000111
001001001111
110100001011
000100111101
100011110100
100110110001
100100111001
111000001011
010101100110
011100100110
000101111100
110010001110
010010101110
100010011110
010111001100
101101100100
011100110100
111100010010
101010010011
110110100010
011000110101
010110101010
101100001110
000111101100
101110101000
000011011110
100011110001
101101010100
001100011101
111001010100
111000101010
110110110000
001101001110
110001001101
000111110001
111000100110
011100101100
101100110010
111110010000
101100100011
010001010111
011101110000
010011101010
001100010111
011001011010
011001100110
111100011000
101110001001
001010111010
000011010111
011111001000
110011000110
001011001011
100001101110
001111001010
001010111001
100110100110
110111001000
110101000101
010110111000
101000001111
110100011001
110101100100
001001101110
100100010111
110011101000
100101011100
001011000111
111001100001
000011111100
101010010101
110010100011
000111100011
101100010011
110010010011
101100111000
111101000010
101001100110
010011101001
101010010110
101001110001
010011111000
100010110101
011101010100
010010101101
100110101001
001011110010
101110010001
010110001011
100001011011
010001101110
011000110011
011111000001
101100001101
100011010110
111010100001
011101101000
001011101001
000111100110
111101000001
101100110100
001101010101
001010101101
110011001001
100101101100
011100001110
001011100011
111000111000
010111010010
110011010100
101000101110
010101011100
101101001001
100111000110
