0110100101
1001101010
1110100010
1011010010
1001001101
0010010111
1110001001
0101101001
0111100100
1011000011
1000011011
1110010001
0010101011
0011110001
1001001011
1001101100
1011100100
0100111001
1010001110
0100101011
0110101100
0011101010
0110011001
1010111000
1100000111
1000111010
0001010111
0110111000
1010110100
0001011101
1011001010
0010111100
0010110101
0011100101
0101001101
1110100100
0001110101
0000111101
0011011010
1101001001
0001001111
0110010110
0001110011
0110001101
1011110000
0111101000
1000011110
0011101001
1001100101
1100011001
0100011011
0110001011
1100011010
1001110001
1000101110
0110000111
1000110011
1101101000
0010011101
0000011111
1001010101
0011011001
0110110001
0010011011
0111010100
0111000110
1000110110
0101110001
1001110010
1011100010
1000111001
1111000100
1110000011
1100110001
0101101100
0001011011
0001101011
1000100111
1110001100
0110100110
1001010110
0100111100
1100101010
0111001100
0110011100
1010101010
0101100011
0000101111
1010110001
0111100001
0001111001
1001110100
1011000101
1010011100
1000111100
0100100111
0101011100
0100101110
0001111100
1100001011
1011000110
1010100110
1010110010
1110001010
1011010001
0110010011
0101100110
0100110101
1100101001
0101011001
1000001111
1110000101
0011111000
0011101100
0111010010
0101011010
1000010111
0011001110
1100110100
0101111000
1110101000
1111000001
1101100010
1110011000
0001100111
1111100000
1001000111
1100110010
1100100101
1100100011
0100010111
1101010001
1001011010
1001011100
0111001001
1011101000
1010011010
0100110011
0001110110
0010110110
0100110110
0100111010
1010001011
0011010101
1010010011
1101001010
0001011110
1000101101
1100011100
1100101100
0101101010
1001111000
1111010000
0011011100
0011100011
0110101010
0011010110
1011001001
0111110000
1100001110
1101100100
1101000101
1001100011
0010011110
1010001101
0111011000
1010011001
1100111000
1010101100
1011010100
0101001110
0010101110
0100001111
1001101001
1101011000
1010101001
1000011101
1110000110
0011001101
1111001000
0110001110
0011110100
0011000111
0101010110
0000111011
1110110000
1100100110
0110110100
0001101101
1101000110
1010010101
1100010101
0011110010
1101100001
0110010101
1110010100
0010111001
0100101101
0110110010
1000110101
0010101101
0101110100
0111010001
1001010011
0001111010
1010000111
0111000101
1110100001
1011001100
0001101110
0100011101
0110011010
0010100111
0010111010
1101010010
0010110011
1001001110
0101010011
0101110010
1001011001
0011100110
0000111110
0111000011
1001100110
1100010110
1101110000
1011011000
1101001100
1110010010
0000110111
0110100011
1101000011
0011010011
1100010011
1010100011
0101100101
0100011110
0111001010
0110101001
1011100001
0101010101
1101010100
1010010110
0101001011
0011001011
0101000111
1010100101
1100001101
1000101011
0111100010
0010001111
1111000010
