01011001
10010101
11010100
01101010
01000111
10101010
11110000
11000101
00101110
11011000
01011010
00011101
01101100
01111000
10101100
00010111
00100111
01100011
10011100
11100100
01010011
01001110
01100110
10001110
10111000
00101101
11000011
10000111
11001100
01100101
00011011
10011001
01010110
01011100
10100011
10110100
11101000
11100001
01001101
01110010
01001011
11010010
10100101
10010110
01110100
00011110
01110001
10001011
10100110
11001001
11010001
00111100
10110001
01101001
01010101
10011010
10110010
10010011
10001101
00111010
00101011
10101001
00110011
11001010
00001111
00110110
11100010
00110101
11000110
00111001
