11000111100010
10100001011011
11111100000100
10100000111011
11110000001110
10110001101010
10001111000101
01011101100001
10100010010111
00110010011101
01111010101000
00001110110011
11000101100011
01000101100111
10100010111100
10011101011000
11001010011100
11000101100101
00001001111011
00000111011110
00111011001010
01010011010101
00111001110100
01110000100111
10101010010110
11010101001001
11000001111001
01110001000111
00110100110110
10100111000110
01101001000111
01100100010111
11100000011110
01010111000110
01010011011010
10100011010101
11111010000001
11110011001000
11110001001100
10101101001001
01111100101000
11100011010010
11001101010010
00101111001001
01000100111110
10111101000100
10110110001100
10100100110011
10000011110110
01000001111110
10101010100110
11010100110010
10111000101001
00010000111111
00100001110111
00101001100111
00011110001011
01010101110010
11101110000010
11010011000110
00010001111101
01011000101101
10111100000101
01001101101010
10011101100010
01110101101000
11001000010111
01100010001111
01110001110100
11001101100100
10101100100101
01101100000111
10110101000011
10010100101101
10110010110100
10011000100111
11101001001100
11100001111000
01011001011001
01000101110110
10100111100001
00111011110000
01000101110011
10010110010011
01001101001101
01010000111011
00101110001011
00001110111010
00001010111110
10101001011100
10011110010100
10011010011001
00011101001110
10100110011001
00100011111001
00110111011000
11001010011001
11110101100000
11000111011000
01010110110100
10101101000110
01100101011100
01111000010110
00110100110011
00101011010110
00101100101110
10011010101001
00100111011010
01110011011000
01011000011011
11110000100110
11010011100010
01110001011100
10101011000101
01001000111011
10011000110101
01101100100011
10100100101101
11000111010100
11000010110011
10010011110100
00001001111110
10100100111001
01110000110011
11001101011000
01001101011001
00110000111110
01100001111010
11001001100101
11100101101000
01011110100100
01001001101011
00111100010101
11100000111010
11101010010001
10100110010110
10110001101100
11010100011001
01101111010000
11011000111000
11010011001010
00010001101111
00101001011101
00001111010101
11111100000001
00100011110110
11110100110000
01110001101010
00100011011011
01011110100001
00010010110111
10000101111010
00101101101001
00101100010111
01101101001001
00101000011111
00101110101001
10111100010001
10011011100010
11010101100001
11100011001001
01011100010011
01110000101011
00011110011001
00110001001111
10101000100111
00010111100110
11001001001101
01010011001110
10000101011011
10110100101010
00001110011101
01011000110011
11000101110010
10100101011001
11011011000001
00101110010110
10101110000101
00001110010111
10011000101110
10111100100100
11110000100011
11010110001010
10101100000111
10001001101011
00101100111010
00100001111110
01110011010100
11100000111001
10110100011001
00110010101110
11110101000001
11011000000111
10100011001101
11001100001110
00101100110011
10001110110010
01111001110000
01010001101110
01111001101000
01101011100001
01011011101000
00111000011101
01001000111110
11000011101001
11100111000010
10101000001111
11100010100110
00110010101101
11001001010011
10110001010011
10000110111010
00000101101111
11010010001101
11000011101100
01110000011011
11010011001100
01001100110101
00000111101110
10010010101011
01110011010010
10001110111000
01100011111000
01101010011010
01000110011011
10000011111010
01010100111010
11001101001010
00100111001110
01011001011010
01011001101100
10011100010011
10000011010111
10111010010010
00100101111010
01010001110101
01101001011001
01010011101001
11001001100011
00110101100011
10110001001110
11100110000110
10101100101100
10110100110100
00110001111001
10001011010101
11011000011100
01101001101010
00011001110110
10101001101001
01001110000111
00101001011110
11011010100010
01111000100110
00100111000111
10001001001111
01001110110001
00101011100110
11110000110001
11010110101000
00001101011110
10010011001011
11001100111000
10000111101001
01001010010111
11010100010101
00100001111101
01110010110100
01110100110100
10101010110010
00110111101000
11001110000101
00011011101100
01111000001101
10110100010110
00101100101011
00000111111001
10100110001011
11101001110000
10010100011110
01101000110011
01110100100110
10010101010101
00100110110110
11000101001110
00100101101110
11100110001001
00011100111001
01101101100010
10101000111010
00110001110011
10100111110000
10110111100000
10011100011100
01011100011010
11100110000011
11101110001000
11010000110101
01111000001011
10111000001101
00011101000111
00101001101011
01101010110100
00001111110010
01011011000110
01111001001010
01101010001101
10110010010110
00011011001011
00011100110101
11110001100100
10101100101010
01011101010001
10001001111010
00011001101110
00111111000010
10110001101001
11100011000101
11011111000000
00001111011010
10001111101000
10101111100000
01011010101010
00100110111100
11001010001110
10001110110001
10011011001010
11100111000001
01011100101010
11101011000001
11010101001010
00101001111001
01100000111011
01101001001101
00011110100011
10000100101111
10001000011111
11001001111000
01101001001110
11010001101010
00011110010011
10000100111011
10101101000011
01100111101000
11000100011101
11100000100111
01000011101110
10000101111100
00001011111100
10011001011100
01100111110000
00001110101011
11100101100100
01000011111001
10010110001011
11101000001011
10101100001011
01011010100011
01011001001011
01111000010011
00011011100101
01011000111100
10101000101011
01111001010010
11001011000011
01001101110010
01011010001011
00111010001011
01100001111100
00101101101100
00110001110110
11010101000101
00110001011101
01000111110010
01001101001110
00110111001100
11010101010001
00001101101101
01011010110010
10111000110100
11001001011001
11001010111000
00101111000101
10111000110010
01000101101101
01101110100010
01101001101001
00010110011011
10010011100011
10101001110100
11001110001010
10100011100101
11011001001010
00100111101100
01101010011100
11001000011101
00010101101110
11010111100000
11000011001011
10010010100111
11100010000111
11010100011100
00110110110001
01010111100010
01001101111000
00010011110011
10010110111000
11000010011011
01101010010101
00111000111100
01110101000110
10010011011001
10001111100100
10000101101110
01001101010101
11110010001010
00011001110011
11101010011000
11011101000010
01001001101110
10000111011001
01011101101000
01100100011110
10001001011110
11100010010011
01010111011000
00001011011110
11100001011010
00111001011001
00111001011100
01010110101010
10101011010100
10011101110000
01110001100110
11001110100010
01000110101101
00111111001000
11100110101000
00110101010101
00101010101101
01100110111000
00011111101000
10001011100011
10010101100011
11100101010001
01110110010010
10101110100100
10111000010011
11011010001001
11000101001101
10101011001010
01110011000011
00101010111100
11001101100001
11100011011000
11101011001000
10100011100110
00100000111111
01010101001101
10111000100110
10010110100101
00001101101011
01011100110100
01100011101100
10111101010000
11110001100010
11011010001100
01011101110000
01111000010101
11101101100000
10010101001011
10111000001110
00011011010101
00010011001111
10001010011011
11110001000110
01100011000111
10111001101000
01101010110001
10101001100101
11110011000010
10100001001111
10010000011111
10001001110110
10000011101101
11101001000011
11010100011010
10110000101110
01110100000111
11100001100101
10001011011010
11000010111010
01001101011100
01101100110001
11010100101100
11011010010001
00100111111000
00111001000111
10011010011010
10001011101010
00001011101110
01011000011110
11001001000111
01110000111100
10000011111001
01101101100100
11010001010101
10101000010111
00001000111111
10110011100010
01111110100000
10001011101001
11011010010100
10011100010110
11100100001101
10001100101011
11011001010100
11110110010000
11000100101110
00010101011011
11010010100110
11101110000100
01110011100001
01000111111000
00011110101010
01100101100011
10001111110000
00001101011011
10100011001110
00101011110100
01000011111010
10011110101000
01010101100101
01110011001010
01011101000101
01100100110110
10011010100101
10001111001100
01110011001100
01001100111100
01101010100011
11011100110000
10110001100101
01011001011100
10110100001110
00101011100101
10101001010011
00110101111000
01011100011100
01101110001001
01110111001000
01011011001100
00001010110111
00100110101011
01010110111000
11011000101100
01110001100101
01111000000111
01010010111001
00110110011001
11000100111100
10011010111000
01110111000100
00101010010111
00001101110110
00011010001111
01010101110100
01100000101111
10010110010101
11010011101000
11111011000000
10010101011001
00011010101011
10111001010010
11101101001000
00101011010101
01011100100101
11001000101101
11000110100011
01111101000010
01110001011001
10101010000111
00000111001111
01101010000111
01100011110001
11000001101011
00101110011001
10101001100110
00100110001111
01110110100010
10000110110011
10000110100111
00011001001111
00100011110101
01111000110001
11110101010000
10101111010000
11011001001100
00011001111010
10011000011110
10011011101000
10011100110001
11101000010101
11101110100000
11000010011101
11111010010000
00010100111110
01001011111000
11011001000011
11000111001100
01011011010010
00111111000100
00101100110110
11100111100000
00001111010110
11100110010001
01000111011100
01100100011011
00111100100110
01100101101100
00110110001101
10010010110011
10100100011011
01001100011110
00110011100101
01100100011101
00101110111000
00001101111100
00110110011100
10100111000011
11011100011000
11011010011000
10101001110001
10100011110010
10100001011110
11100100001110
01111001000101
10100111001010
10111001000011
11000010100111
10111000011100
10101100011010
00001100111011
01011100001011
00100101101011
10111010100010
00110010011110
10110111010000
01110100101100
00010110101110
10001010011110
00010100101111
10101111000001
00111001110001
10110001100011
10100010110011
00011110010110
01011110001100
11100011010001
00111100100011
11000100001111
01010010101011
10110100100101
10011110000101
10010101011100
11000011111000
10111100001001
00110011111000
10110110000011
11110001010100
10101000110011
11010101100100
10011100100110
01110100100011
01101101010001
10101010010011
00011101010101
11001101000110
01011010011001
11100011000110
01000011101101
00100111110010
00101010101110
00001111111000
00111101000101
10011010110001
01011001000111
11000010101011
10111100110000
10000101010111
10000110001111
00111100010110
00001101010111
01010011001011
11010001010011
11101000101010
11001100110001
10101110000110
10110010100101
10110110010001
01010001110110
01110100100101
11010110100010
01100010111010
10010101110010
00110000110111
01111101010000
01001010011101
11001111000001
01011100001101
10101011010010
10011111100000
11000101001011
00011001010111
10111100000011
01010111010100
11011001100001
10001101000111
10010100101011
00010100011111
11101000110010
11010101000011
10000011110101
10100111100010
11100011010100
10101010001101
01111100000101
00110001111010
01110001010101
01111000101010
01110100011001
10010110101010
11001100001101
00100101111001
00001100101111
00011001110101
00110111010100
11101000100110
11110000010101
01001110001011
11001011010001
01001001011110
00111000101101
10011101100100
11000001011101
11010111000001
10010011010011
00001011010111
00110100101101
01010011000111
00111000110110
10011011000101
01100101010011
01010011110100
00000111011011
00110010111010
01010110001101
01010010011110
01110000010111
00100111001011
11000011110100
01010100001111
01011110010100
10010100110101
01001111001001
11010011010010
11110001100001
01101100100101
01110110001001
10010110110100
01001000110111
10000101011101
01010111001100
11011101010000
10100101101010
01010100011101
11101011010000
00001001110111
11011100010010
01101110101000
10101101010001
01101001111000
11010110001001
10000011111100
11011010100100
00001101100111
01110010101010
01010001101011
11011010000110
01001111010100
11100001110100
11111010000100
10010101101001
00111001100011
00100101011101
10110011010001
00111001011010
10011011001100
01100110110010
10101101011000
00111010110010
11000100111010
10001101001110
10000011011011
00101000111101
11001001100110
11100000110101
10111011001000
11001010001011
01001010111001
10111001100100
00000011111110
10010101101010
01100111100100
01001100100111
00101010110101
01100110110100
10110101100001
11110100000110
10000111011100
10110101001010
01110100110010
00111011100010
00111010011001
10001011010011
10110011010100
01010010111010
10001011001011
10110011001100
01011111000001
01101100010101
01010101111000
11101100011000
00010001110111
01100001010111
01001110100101
01101001010101
10111011000100
00011111100010
00110100111100
10110010111000
00011010101101
11100100011001
00000011011111
10011000101101
10001100110011
01111101000100
00101110110001
10101000011011
11101110000001
01001010100111
00110101110100
11010100001101
11010100111000
11100010011001
10010101100101
10010100111100
00101011010011
10010111010100
11001101001100
01111101100000
01110010110010
01010110001011
11100101001100
00101100100111
10110011101000
01001010101110
01111110000100
11010000011011
10001101110010
10110100101001
10001010111010
01010001011110
11110110000001
10000110110101
10011100001110
00011101110010
10101011101000
11000010110101
00110100101011
11100100101010
11001111000010
10011100011010
00111101100001
10101101001100
01101001100011
00110110110010
01001111000011
00110101000111
11010100110001
10010111001001
01001110010011
11010110010100
11100100011010
11101100001010
11101000010110
00101010100111
10101100011100
10101100010110
00010101101011
01010101010110
10110011001010
00110101011100
00100101100111
00101110101100
10100111001100
10010001111001
00011001101101
00110001101101
10001000110111
10001010111100
10010001101110
11001011110000
10010001101101
10001110000111
01101011001001
10100001111001
01001011100110
01100101001011
01101000011011
10011000111001
00101111001010
10000111111000
01010111100100
11011000010011
11000110011010
11101001011000
10111101001000
11100100011100
10000111110100
01011100010101
00011110011100
01111010100001
01011010110001
01000011101011
00010110110110
10001011110010
00110001010111
10111000011010
01011101011000
01110000011101
10101110011000
00010110011101
00101101011010
10101010010101
11000110100110
00100010111011
10110011010010
10111100100010
00011100111100
11101100000101
11101011100000
11001001110010
10001101100011
00110100100111
10101100010011
01000101011110
01000000111111
00001111100101
00110001110101
00110001011011
01101110000101
10001100001111
00011001100111
11110001101000
10110110100010
00011001011110
11100011000011
11110010001100
10101011110000
01100101011010
10111110010000
10110001010110
11000110100101
11011110000100
11011000101001
01110001110010
00111010111000
01100111100001
10001010110101
11000110001110
10011011000011
11000110011100
01010011010011
10011001001101
00111110100100
11000010111001
01011011001001
01111001100100
00111001001101
01001110101100
11001000101110
11111000100001
01101010111000
10110001011001
00011110001101
00010011011110
01100010101101
10100001110101
10010110011001
01001001010111
11100001001101
11100011100010
00011010011110
01010110100101
00111001010101
11000111000011
00101001101101
01111001010100
10110000001111
11011110001000
00110101010110
11001100001011
00010111010011
00110011010110
11000111100100
00111111010000
11110000011100
10111000111000
11011100010100
11000101000111
01011101100100
00111000101011
01000011100111
00101101001101
00110110110100
10101110010010
10001010100111
00101011001110
11000101111000
11100110000101
10110011100001
10100110110100
10011000111010
10101000110101
01100101100110
10000111010011
10101011000011
10101101010010
00111001010110
10111100001100
00101101011001
01110000110110
01010000101111
10011011010010
00011101101010
00100110010111
10110100110010
01001111011000
00111010100101
10010001111100
10110100100011
10011001001110
10101010101001
01001110101001
10100010101101
10100010001111
10110001001011
01011011110000
01001001011101
00101101010011
11001101001001
10010000110111
10101010001110
10100101011100
00101101100101
10011101000011
11000011100110
10101010110100
11101100100001
01001111001100
00011111000011
11011000010110
01001011101010
11011100000101
11100100110010
00100110110011
10001111010001
01000110111001
00001011110110
10000001111110
01101010010011
01101100110100
10100011111000
10110010001011
01111100001001
01010110010101
00011101010011
10011001010110
11010001110010
10110010101010
11011001010001
11001110101000
11111100100000
01001111000110
11001111000100
11011100100100
10100110100011
10010101001110
01110010101001
01101101010100
10001111001010
01000110111100
11100110010010
01011001100101
10010010011101
11110010100100
01001001111001
11001001001110
10110101001001
00000111011101
00011001011011
01001011010110
00110101001011
10001001111001
10001010101011
11100011100100
01110100011010
10010110110010
00111100011100
01000001011111
01010111100001
10110110001010
00001110011110
01001100101011
01011111001000
10010010101110
10100001011101
10100011101001
10101000110110
01001010111010
00100101001111
10110000110101
00010111110100
01011110011000
00111101010010
10101010011001
01010110101001
10001110101010
01111100001100
01010101011001
11011000101010
00110100010111
01101010101010
10010100111001
01001011100101
11110011000001
01011101010100
10101110101000
10001010101101
01011011010001
10010111100001
00100101011011
10001110100101
00011101011010
00111101001001
10010010001111
10001110011010
10100101111000
11011000001101
11000010011110
01010011101100
11010001110100
01010011011100
11010010010011
11110000011010
01110101100100
00011011110010
01010111101000
10100001100111
11011100010001
01101000111010
10100110001110
01000011011011
11001001010110
11011011001000
01001001110011
00101110001101
00001110111001
10111101100000
11101010010010
11001111001000
11000000111101
01110101010100
01011000101110
11101001000110
01111010000110
11101010000101
00110010110011
11010101100010
00100011010111
11111010001000
00100110111010
10101111000100
11001110010001
10011101010001
00011100101011
11101000000111
01100110001101
01010010010111
00010011100111
00110011010011
00100111110001
01110001110001
10010111000110
01011001110010
01101111000010
01001100101101
11100101100010
10101000111001
11110000001011
01110100001101
11000011100101
11110010001001
00011100010111
01100011100110
00110101001101
10110001100110
11011000100101
01000100111011
01111101001000
10110000101011
11000110101001
10010111001010
10111000011001
10111010000110
01101011010001
11100010011100
10101100110100
11110010110000
00110110001011
10011011100100
10101111001000
11111000001001
00011010101110
01011111000010
00000011101111
00110010011011
01101001101100
11010000011101
10010111001100
11101001100010
01000111101001
00111101011000
00111010101010
10110101100100
01010010011011
00110001101011
10001100100111
10110100011010
00110010100111
00101000111011
00110100011011
10011010010011
10000101101011
11011100000110
11001000001111
01110100010011
01000101101011
11000100111001
00000110110111
00110101011010
00010101010111
00001011100111
11001100011100
11001011001100
10110101011000
01110111100000
11001000100111
01010100101110
10001100111100
11100010001101
01011101001001
00110101101100
01011001100011
00011110011010
00010111001011
01100011011001
11010010010101
01001001110101
00011101100110
01010101101010
01010110000111
01001011010011
00110000011111
10001111010010
01101010101001
10010011111000
10001111000011
10001001100111
10011101000110
00111110110000
11001010010101
10010110101100
10001001011101
01111100100100
01110100101001
10101011100010
10010011001110
00011010111100
10011000111100
00101001110011
10010110010110
11111000000101
10101110100001
10100101101100
11010011000011
01001110001110
10000010111011
01001001110110
01100001011101
01101101000101
00011110110001
10110001110010
00110011110001
11000100011110
10011001100011
01111011001000
00111100101010
00001111101100
11110000010110
01011100101001
11100101001001
00101111000011
11100001110010
00111011001001
00010101111100
10111010101000
10001100111001
10001110100110
00000011111011
01011111000100
01010100100111
10101101000101
00111000110011
01011000001111
00100101010111
10010010111001
10110100001101
00100100011111
10011000011011
01100111011000
10111011010000
11000111101000
11000110001101
00011101010110
01101010001110
01010110011100
10001000111101
10100010110110
11001000011110
01001110100110
01101101001100
11100110001100
01000101111001
01000110110110
11100000111100
01011010001101
11111101000000
01110101000101
00101101111000
11010100000111
01010011001101
11110001010010
11101010100001
01101010011001
01010101100110
10000101110101
11000011110010
00000101111110
01101101000110
10000010011111
01101111001000
11000110000111
11000110010110
01001101000111
01001000111101
00110100110101
10100111010010
01101111100000
00110110100110
01010001111001
11110110100000
01010100110101
10001011010110
01001001101101
11000011001110
01010111000011
11100110100100
10010011100110
00010111101001
00111010010011
10100100111010
00110001100111
01100011100011
00110011010101
00101010011101
01001011101100
01100100101101
11001010100110
10011001110001
10111000000111
10110000111100
10100100011101
10111100101000
10100101001101
10111000010110
01101101010010
11010001100101
10110011011000
11100100100101
11100110001010
00101100111001
01011100000111
10101110001001
01001100111010
00001011111001
10011110010010
10100000111101
01000010101111
01100011001110
11100110100010
01100001101101
10011010100011
01010101011100
00001011011101
00111010100011
11010000101110
00010100110111
10101010011100
11000010110110
01000101111100
10000010111101
01111100011000
01101011100010
00001111001011
01100011001011
00001110101101
00101111101000
01111000101100
10010101110100
01101000001111
11010010100101
00011011101001
10100011110100
01010101110001
11101000011100
00010011101110
11010011110000
00110110001110
10001101100110
11010111001000
01101001010011
10011111000010
11000010010111
11011110010000
00011000110111
00111001100101
11000011001101
10011000101011
00010111101100
10001111001001
01000011001111
01110100101010
01001011011010
10010001110110
01001101100101
00011011100011
01001110011100
00010111011010
10110110110000
00010111110001
10000011101110
00000011111101
11000101101100
10011111000100
00100111100101
00001111101001
10010111000101
00010110111010
00110010110110
01101001001011
01110110100100
11010101001100
10011110000110
11111110000000
11111001000100
11101010101000
01111100100001
11011000011001
11101001000101
10001101111000
10111001010001
00110001101110
00100110011011
00101110011010
00110111110000
00101010011011
01010001011011
10000111010101
01001111010010
10011010001101
10100101100101
01111001010001
10101010100101
00010010111101
01101110000110
01011010000111
01100001110011
01101110000011
00101011110010
10100010101011
00100101110101
10101000111100
01111100010001
01000111001011
01001101010110
01001110110100
10111010010100
11100110100001
00110110010011
00110010010111
11011010000101
00101101011100
00010011011101
01111000011001
10000100111101
00101101101010
11110000000111
01011010101001
10110011100100
00011001111100
01101011010010
01001111001010
00110011011010
01000011011101
00101110001110
11000011100011
01101100010011
10011001111000
00001110011011
01011000111001
01011001100110
00011011111000
01101011001100
10010110100011
10010011011100
10010101000111
00010111011100
01001110110010
00111110010001
00001111001101
11000101010011
01111100110000
00011111000101
00111101110000
01001011110010
00011011011100
11100011001010
10101010110001
01100101100101
01011001101001
00010010111110
10011011100001
11000111001010
11010000111100
01000010111101
01000001111101
11100010011010
10111110000010
01111000111000
11110001000011
00100111110100
10111010011000
01000110100111
10110011000011
11100110110000
10001001110011
01011010011010
01101001110001
01001101100011
00011100110011
10001011100101
10001101100101
11110100011000
11001010100101
00011110000111
10011001110100
01101100001110
00110100011110
10111010100001
01110010100011
10011001110010
00111010110100
00111110100001
11000001100111
00011000011111
11110000001101
00110001011110
10111011100000
01110111010000
01011110010010
01001101001011
10110110100001
10001011011001
00100010110111
00010111011001
11001011010100
11001001110100
10000110101011
01110011101000
11110000110100
11010110000110
10010001110101
00100100111101
01110001010011
11010000101011
00110111000011
01001010110101
10111010000101
10011001000111
01001100010111
01010001011101
01100110001110
10000010111110
11100010101100
00101110011100
01001000101111
11101100010100
10011100101001
00100011101101
10000000111111
01101100011010
00011101100101
00010011111100
00111101010001
01001111010001
11110101001000
01010110110010
11100111001000
11111000110000
00100111010011
01001011100011
11001110000011
10110100110001
01110110000101
10001110001101
00111001111000
01100001100111
10010001110011
01111010010100
11101100100010
10101100011001
10100111010100
01010011100101
01101101000011
11101100100100
01010100101011
00001111010011
01010111001001
00111010100110
00010111101010
10101100001101
10101001100011
01100100111001
11100001011100
10110000010111
10001000111110
11100000101101
10000101100111
11000010111100
00111011010100
11011100101000
11010100001011
11010111000010
11001001001011
00110111001001
01010011011001
00010110111100
01010100111100
01101011011000
10111100001010
11001010000111
11011000110010
01110010001110
10001111010100
01101000100111
10101010101100
01010010011101
11110011000100
01001011000111
10001011110100
01110110011000
10111010001010
11001000110011
10100100110101
10101100100011
00001011110101
10001101101100
00100011101011
01100111001001
01011001110001
00111111100000
11000011010101
11000101010110
01000111011001
10111100010010
01011000010111
00101000111110
11100101001010
01101100011001
10100110100110
01100101000111
10010011100101
01100010110110
11010001110001
01100100101110
11010110010001
11001010110100
10010100001111
01101001100101
01001010001111
10101110010100
00110101011001
00111101000110
00100111010110
11110000101010
11001010101010
01111100001010
00111010011010
00101000101111
11010010110001
00001111001110
00001011111010
10110000111010
11000000110111
01000100110111
00110111001010
10111010010001
01001001001111
00001001101111
11111100001000
00100110110101
01001101101001
01100110100101
00110111000101
00100111011100
11010111010000
01111100000110
00111011100100
00011110001110
01100010011101
01110101001010
00101111100001
00101100110101
00000111110101
11001000111100
11110101000010
00011110010101
00011000111110
11101001001001
11110010101000
01011110100010
00110101101010
00101101000111
10101010001011
11000101100110
11000011110001
11100001101010
11001101010001
00011101110100
00111011000110
00100100111110
11111010000010
10111101000010
10010111010001
01111011000001
11010010011001
00101001011011
11000101110100
10100100101011
10100011101010
10111001110000
10111100000110
01110110000110
01100010010111
00101100011110
00011011100110
00111101010100
00001111110100
10111010000011
01101001011010
10011000010111
11000000011111
10100010111001
11100100100011
00001001111101
01101100001101
10111010100100
01001111100010
00111110000011
01110011000101
10100101110100
00011100111010
01001110011010
00101001111100
10001010110110
00100111100011
00101010110011
10000001110111
01110110001010
00010110110101
00011111011000
11110011100000
01011100110010
01011101000110
00101110110010
01110000110101
01110000101101
10110000011011
10000110101101
00101101100110
00101001010111
10010011101001
11011000110001
10100011010110
10011110001001
01010101001110
00111000011110
00101010110110
01110000001111
11001010101100
11000110010011
11100010110100
11100100101001
01111110000010
10011011010100
11001011011000
10000110110110
11001100010101
00101011011010
00111010010110
01011100111000
01011011100010
00110100111001
10001010111001
11010001101100
10011111010000
10100110110001
10100110100101
10101101010100
01110110000011
11001100101010
01110010100110
01101011100100
01110011110000
00100011111100
11010101010010
00010001111110
00011110101100
01000011110110
00111110000110
11010000110011
11011101100000
10010011101010
10100001101011
01000011111100
01110010101100
10101011011000
00110011101001
01101110010100
01011101100010
00100011111010
00110011001110
01110011010001
00111110010100
10011011110000
10000101110011
00000110111110
00011100011011
11001010101001
11100101100001
10110010110001
10001001110101
01101110110000
11010100100110
01110101011000
00111110100010
00110100011101
11101100101000
10100101110001
00010100111101
11000001110011
11111000011000
10010011101100
01101011000110
01010101010011
10101000101110
01100000111110
10110001001101
01101111000100
10010101100110
00000111010111
10000101011110
10011101101000
11001100110010
00111101100100
00011101110001
00111110001100
10000111001011
10111110100000
10101011001001
11000111110000
00011010011101
10001000101111
01111110010000
10100010011101
01010100110110
00011010110011
01101110001010
00011100011101
10110010011001
11110100100100
01100011001101
00101100101101
01010000111101
00011111100100
01011001010101
01101100011100
11011011010000
00101100011101
10011100010101
10101001001101
01111001001100
01100010100111
10010111000011
01110001101001
01101000010111
11001000110101
00110000111011
11100010010110
10001011101100
00000111110110
11100001101001
00011110110100
01100111000101
11110000011001
11110010010010
01001111000101
11110010010100
10011101010010
01011010001110
00101110110100
00010110110011
00010011110110
00101110100110
11010000011110
01111011000010
11000110101010
00001111011001
11000000101111
01100010111001
01101010110010
11001100110100
01110010001101
11010000111001
00111100101001
11101001101000
10110100010011
00111110001010
11000101101001
01001011010101
10010011000111
11001100000111
11010000010111
10110000011110
11001011000101
11001010100011
11000001010111
00000110101111
11011110000010
10011000001111
10101011100100
10001111100001
11110110001000
10110010011100
10111001010100
11110100101000
11100001010011
01010001110011
01011110010001
10000001101111
11010010001011
11100011100001
00011011110001
11001010011010
10101100100110
01101000110101
01100001111001
10110000111001
01101001011100
01011110001001
00101110100011
01101011110000
01000101110101
11000011010011
01110000111010
10110100100110
11101010001100
10001110110100
10000101111001
01001101110001
01110101001100
01001101100110
01011100101100
00110010101011
01110000111001
01010011110010
11100010101010
10000111101010
10011110010001
11111000001010
11101001100100
10101001010110
01101011101000
01011100001110
01110010110001
01000011110101
10011110100100
00111110010010
11010100010011
01100010101110
11011000110100
10011011011000
01000101101110
11010100010110
00100101101101
00101111000110
01010011100110
01110101010010
10110110000101
00101110010101
10100000101111
11001100100011
11101001010010
10000010110111
11010010101100
10011011000110
01111000110100
11010101101000
00001101001111
01101101101000
11111001010000
01001010110110
10110101110000
00110010111100
10010010010111
10110010011010
10011011001001
00101111010001
01111100100010
00111110011000
00101111011000
00101010111001
10011011010001
00001101110101
01100111010100
10110101000101
00110111100001
01000001111011
00001101111010
01100110010101
11100100110100
00110010110101
01000011110011
10010100111010
10001101001011
11001100011010
10100101010101
00011110111000
11001101100010
00110110111000
01010110010110
11101010010100
00000111101011
00101011000111
10001011011100
01100101011001
11100101010100
00001100111110
10011001100101
00101001101110
10000100011111
11100010100011
10011100111000
11101100010001
11010000001111
01001101011010
01100111001010
11011100001010
00111100001011
11000110101100
00111000001111
01111111000000
01001100011011
10111011000001
11101001010100
11100100001011
10110001110100
11000111100001
00110110010110
00111011001100
11100001000111
10011000110110
10000111000111
11111001100000
01110100001011
11110110000010
10111100100001
10110111000100
11100010111000
01011010010101
10011010010101
01000100111101
00110010001111
01111000011100
00010110010111
00010111001101
01011110110000
00111101001010
01100010101011
00010011110101
01100001011110
11101000100101
11110001010001
10100011001011
00000111101101
01101010100101
10110100001011
00100111101010
11010001011100
00110110011010
10110010010101
10011100011001
00110011011100
00111110001001
01110001101100
00010111001110
11101000110001
10010010110101
00101101100011
00100100101111
10111000101100
00100110101110
10101010100011
01100000111101
10101010101010
00001101101110
11000100110110
10110101000110
11000011011001
11001011001010
00011110100110
01001010011011
00111001110010
01100001101011
11101010100100
10011100000111
01010101101001
10110100010101
10010110001110
10001011001101
00011000101111
10000111100101
00101011101010
00111000111001
00010101111001
10110000101101
10011110001100
01100101110100
11000110011001
10011100100101
10000110101110
01110001111000
10011100101010
01011001110100
10100010011110
11000011011100
00110101110001
11100001011001
01011001111000
01011100010110
00111101101000
10101010011010
10111000100011
00101101110010
00111001001110
00000111111100
01101110010001
10001010001111
10101001111000
10011001010101
00011011101010
01100110010011
01100011010101
10011101000101
11010110011000
11101001100001
11001101101000
01110100111000
10001110001110
00000110111101
00111011010010
00010001011111
00010110111001
01110110010100
10001110101001
11011000100110
11101011000010
01100110100110
11101000101100
11100000001111
11101100001100
11110100010100
11011001110000
00011110101001
10100011110001
11101000010011
01110110101000
10111001001100
01010110011001
10111001100010
01011010101100
01110000011110
10100000111110
00111101000011
00111100011010
10011010001011
10100011100011
10011100100011
11011101000001
00100110011101
00101000110111
11100100010011
00011111010100
11001101110000
00110110100101
01100001110101
00110011001101
01010110100110
10010010101101
01001011011100
01000110110011
10111100011000
10010100101110
10110011000101
01011010110100
00100111010101
10010010111100
00111000100111
11101000001101
11001001011100
00011010110110
10011001011010
11100010100101
10010010011011
00011010011011
01000110101110
01101000011110
10110110001001
11100001101100
01001110011001
11010010011100
01010100011110
10000011011101
01101110001100
01010100110011
01111010100010
11110100000011
00011101100011
00010011111001
10000111001101
00001010111011
10001010011101
01110000101110
00100011011110
01100101110001
10110100011100
01000111100011
01001100110110
00110010111001
00111011000101
01100111001100
11011010110000
01011110101000
10101101001010
00001010111101
00100111100110
01011111010000
00101011101100
10000110111001
11001000111001
00011101101100
11110100100010
11010000110110
01110011100010
00010101001111
01001010101011
00100011110011
11000111000101
01100110011001
00011101111000
11001111010000
00001010011111
00001011001111
10010111100010
01110100001110
00011001011101
10100001111010
00101010111010
10110010001101
11100101000110
10100011010011
00110011100110
00011101001011
11001001101100
10111110000100
01110100010110
11101101000100
11010101000110
01100101010110
10101011100001
11111000010100
00011100101101
00011111010010
10100100101110
11100100000111
01011011100100
01011110001010
10010001101011
10100101010110
00100100111011
01100001011011
01101000101110
11001101000101
10101001010101
00011110110010
00111100000111
00110101100110
01000101011101
01001011110100
00100101011110
10110110000110
11100001110001
01110100010101
01000110110101
11001100010011
11000110010101
00010111100011
11111100010000
01100110001011
01010010110011
10000111001110
01001010111100
00011101101001
10110110010010
11001110100100
11000001101101
10001100111010
00011100001111
11010010101010
01011110000110
10000011100111
01110001100011
01001001111010
10110001011100
00101110101010
01001110101010
10110110101000
10100110011010
10101100110010
01010101000111
11110010000101
01011101001100
11010110100100
01010101001011
10111110000001
10001010010111
10011001010011
11001000111010
11110110000100
10101110110000
00101100011011
01010110110001
10111111000000
11001110001001
11101000011001
00100001011111
00011010111001
01011101000011
10001100010111
01100101111000
00111010110001
00100011101110
10001100011011
10010001011011
10000101110110
10110001110001
01100101001110
10111000100101
11000101110001
10100101100011
01000001110111
01100111010010
10110011001001
10110001011010
10110101001100
10101100111000
00001110001111
00100110100111
11100101110000
01110110010001
11010010001110
10010000111011
10010001001111
10111011000010
11010001001110
01101001010110
11100011001100
10110010101001
01110010011001
11010001100011
01000110111010
10011000110011
01000111010101
01101001110100
11010011100100
00011111000110
01110010001011
10010010111010
10010100100111
10001110001011
10000111100110
10101000011110
10011001101010
01101000011101
01100011100101
10101101100001
11111010100000
00111001101100
10110101010001
00111110000101
00001011101011
00110110010101
11011100001001
01110010011100
11001100100110
11001010110001
00100100110111
10111010001001
00111000011011
00111101001100
11000001011110
11011001010010
11000001111100
11110010011000
01000101001111
10101001001110
11110000010011
11000011011010
00101001110101
10001101001101
10011101001010
11011001101000
10100101000111
01000001101111
10010100110110
01110101100010
01110101100001
10011001101001
10010111100100
11100101010010
00110100001111
10011100001101
00111000111010
01010101100011
10011101010100
00111010101100
01111001000110
11011110100000
10110111001000
00101111010100
10010011110001
11110000110010
01001100110011
01000101111010
11110010010001
11101100000110
11010110100001
11011101000100
11100000011011
10100111010001
11110000101100
01100010110101
01111011010000
01010111010010
01110010010110
00100011011101
11001110100001
01001100101110
01110010000111
01111010100100
11011001001001
10001101010110
10101110001100
00011100100111
10110010100011
10010000101111
10001101011100
01010101101100
00111010001110
11010001011010
11011101001000
00101110100101
11000001110101
00100010111101
10000001011111
11010101010100
01001110010101
11100100110001
01101000111001
10001100110101
00101111010010
10011010110100
01000111110100
10111001011000
00111010001101
00011011010011
10001011000111
11100001100110
10000101101101
01001101101100
10100010111010
00111000010111
01101001100110
00001111110001
00011111100001
10101011001100
00001111100011
01001110001101
11000000111011
11001011001001
11001001110001
10000110111100
10000110011101
10001100110110
01100111100010
00001111101010
11101100110000
01101000111100
00111100101100
11100000110110
10110010001110
01111011000100
00010101100111
01101100101100
00010111111000
11110001110000
01111010110000
10000111110001
11010001100110
00001101111001
10001100011101
10111000001011
11000011101010
11000000111110
11100010001011
00011111010001
01111000110010
10001101011001
10001110010101
00101010101011
01000111100101
00011010100111
10111001001001
11100110010100
01100111000110
10001011111000
10000001111101
00010111000111
11000100011011
00101010001111
11001000110110
11010100110100
00101011100011
11111000100010
11100000101011
10100000011111
10110110011000
00101011111000
01110001011010
01011000100111
00111001001011
01100010011011
10001001111100
01000110010111
00111100001110
10101000101101
01010100111001
00101011001011
10010111110000
11010101011000
11111000010010
10110110100100
10111010001100
10011010001110
11001010010110
10011010010110
11000111001001
10100101010011
00011000111011
01101110010010
01001101010011
00101011011100
11000001110110
11010100100101
01110101010001
10100001101110
10101001110010
00000101111011
01110100110001
11011000001011
10111001001010
00111100110001
10100110010011
10111000110001
01101010100110
01111010000101
01011101010010
11000100010111
01100001001111
11001110000110
11001001011010
11010011010100
00111100110100
11011001100010
00111100011001
00110111100100
11100111000100
00101111110000
01110010111000
10010110110001
01101011010100
01100101101001
11110100001001
10000111011010
10100001110011
10000101001111
10010001011110
11101101010000
01010000011111
10010110000111
00000111111010
01100011011100
10001101110100
01111010010001
00001110101110
10011100101100
11110100000101
11100000011101
00001111000111
01010110101100
10100011011010
11010010010110
11100000010111
01111001011000
11000100100111
10011110000011
11110010100010
01111001100010
01100100001111
10010101011010
01010010110110
01110010010011
00010111010110
11100011101000
10100100110110
10011110001010
01000111101010
01101101011000
10110001111000
11001110110000
00001110111100
00100111011001
11101000111000
11000110001011
10110100111000
10011101001100
11000101011010
10110110010100
01001011011001
10100111001001
11000110111000
10000111110010
11111000000110
11100010101001
01010011101010
00101011011001
00111100111000
10100010011011
01011001101010
00111110101000
00011010110101
00001101011101
10011110100010
11011001000101
00000011110111
00010001111011
11000101011100
10001111000110
11000100110101
01010010100111
10111000010101
10001100101101
01010000110111
11111001000010
11110010000110
10100110101001
00010010111011
10001101010101
10101001101010
11000001001111
01010010101110
01100101110010
10001110010011
01111100010100
11010010100011
11111000101000
10000100110111
00101110000111
01011000101011
01111000100101
10101001011010
01110101001001
10010110001101
01100110101010
01001010110011
11010001111000
10010100110011
11011001011000
01110001001011
10010101001101
01000010111110
11000011010110
00001011110011
01101100010110
00110111100010
10110101010010
00100111001101
00010010101111
01101011001010
11010100101001
11000001101110
01010010001111
01000110001111
01011011100001
01011001010110
00101101110100
01011100100110
01100110101001
10001111100010
01011010010110
01000010111011
11011010100001
10101101110000
01100011110100
01100001110110
10101110001010
11011000011010
01111001001001
11010100001110
11110010100001
10001100011110
00001001011111
11110001000101
01010001010111
10011111001000
00110000111101
01010010101101
00110100111010
01101100110010
10000111100011
00001111011100
10110000100111
11101001010001
00011010111010
01110110100001
01101010001011
10110000110110
11110100001010
00010101110011
10101001101100
01100111000011
01011010111000
01010110010011
10101100010101
11000111010001
01000010011111
00011111001010
00100011100111
00111010101001
11010000111010
11100100010110
00110101101001
10110001010101
01001101110100
11111000001100
00110011001011
01011111100000
11111100000010
11001100011001
00111001101001
11100001001011
11001100101100
11101000100011
10011010101010
01100000110111
10101100101001
10010110011100
11011100100010
01101100101001
10100110110010
00011110100101
11100010110001
10110111000010
11101100001001
11011010001010
11001011100100
00111000110101
00010101011101
01110110001100
01001011001011
10010011010101
00101100111100
11011001000110
01010001111100
11010010111000
11001100101001
11111001001000
11001100100101
11000010101101
11001011101000
11010110000011
01011011000101
00010101011110
01100011110010
00010110101101
01000111010011
10011100110010
11100110011000
01100011010110
11001010010011
11011110000001
01001111101000
01001110100011
11100001001110
00100110101101
01100110110001
01010011110001
01010011100011
10010000111101
00010111100101
01101110100100
11000010001111
00010110101011
11100001010110
00011000111101
01000110011101
10111100010100
00011010010111
01100011101001
10110010110010
11110100010001
10000110010111
10100111011000
10010011001101
00110111000110
11111000010001
00011011110100
01111100010010
11000001011011
00011001111001
01100110010110
01100100100111
00110111010001
11100101011000
01011010100101
10110101010100
00111011100001
11001010001101
01110001001101
01001111100100
11011001100100
10101011000110
11110011010000
11110000101001
01001010011110
10100101011010
10001011001110
11010110000101
10101100001110
10101011010001
11101101000010
00101011110001
10100100100111
10011010101100
01100110011100
01101111000001
01001011101001
01100101001101
10100101100110
01010100010111
10001110010110
00101011001101
10001101101001
10110010010011
01011001001110
11111001000001
10111000101010
01001110010110
01110111000010
10011001101100
01100100111010
01001001100111
01001110111000
11101010110000
11001111100000
00010101111010
01100011010011
11011100000011
01010100011011
00110011100011
10010101010011
00000111100111
10110100000111
10110100101100
10000010101111
00001011011011
01101011000011
10000011001111
10011101100001
10010101110001
10011001011001
01101101100001
10111001000101
11001000101011
01110010010101
11010100100011
01000111101100
01111000001110
00110101110010
10001001101110
01000111100110
01011011001010
11011011000100
10100101101001
11100101000101
00000110011111
10110101100010
01101100101010
10100110101100
01100010111100
11010110110000
01110100011100
00111001100110
00001110100111
00010110100111
11010011000101
01001100111001
11010000100111
01100110011010
10010001011101
00011101001101
10010100010111
01000100011111
10101110010001
00011011010110
00011111001001
10000110011011
11011000010101
10011111000001
01101000101101
11000010101110
11000110110001
01000010110111
00101111100010
10100110111000
01000100101111
10001110011001
01001111110000
00101100001111
11000101101010
10011010110010
10101001001011
01010010111100
10000001111011
10100100001111
11010110010010
01010001111010
00110011011001
11101010001001
10011010011100
11011100100001
11101011000100
10010001100111
11000100101101
11010000101101
11010010101001
10110010101100
01000110011110
11010010110010
01101101001010
10100001110110
11101000110100
00111100010011
10110111000001
00101010011110
10111001100001
11001011100010
01100110100011
10001110101100
11010010110100
01011000111010
00010101110110
10001010110011
10010101010110
01111000100011
00110101010011
01011010100110
00011011001101
01111010001010
00111010011100
00111100100101
10010011010110
10000111010110
10001101101010
10000011011110
10010001010111
01100110000111
11100100100110
00100101110110
01101110011000
00001010101111
00111010000111
11110000100101
11001010110010
00110110101001
00001101110011
00001110110101
01100010011110
01000110101011
01101100001011
11011011000010
10101001011001
00101101001011
00111011101000
11110100010010
00101011101001
11010011011000
01001100001111
10111001000110
10010110101001
00000001111111
00110110101010
01100011011010
10010100011011
11011010010010
00100110011110
01111011100000
11011000100011
10110001000111
01110101000011
10010101111000
10100111100100
10000111101100
11110101000100
11010110001100
10100001010111
00110011110010
01101010010110
11100100101100
10101001000111
01011001001101
11010011001001
10111110001000
00110001111100
00001110110110
11000101011001
11000011000111
01100001101110
01100100110011
00101101001110
10001011100110
01111101000001
10110000011101
01011110000101
11001011100001
01110011000110
01010011010110
00011111001100
01011000110101
01000011010111
01101110100001
01100101010101
11000100110011
00111100110010
11100010001110
11001001101001
10110010000111
01011001010011
11001001101010
11101000001110
01001011001110
00100010011111
00100101110011
00001011101101
01001011110001
01000111110001
10111010110000
00110100101110
01011100011001
01010000111110
10100101001110
01111001000011
10010101101100
10100011101100
01011010011100
10100110000111
11100111010000
11001001010101
10100001101101
11010001101001
11111000100100
00110011101100
01110010100101
10011100001011
10101100110001
11101110010000
11001110010100
11001000011011
11101100010010
01000111011010
10011001001011
00000101011111
10001101110001
00100001101111
01111010011000
11110001011000
00010101101101
01111100000011
11100010110010
11001011000110
10101101101000
01111110001000
10010010011110
10100011011001
10100111101000
00101101010110
00111111000001
11101001001010
01010111010001
10010111011000
10101000011101
11010010000111
01100100110101
00001111100110
00101101010101
10001001011011
10010011011010
01011100110001
01100010110011
01110001001110
11000110110100
11101010100010
10010111010010
00011011000111
10001111011000
01010001001111
00101001111010
01101001110010
11110100100001
10001011110001
01100101101010
00110110100011
11100001100011
11101010001010
00011100101110
01110111000001
01010101011010
11010001001101
00010111010101
01001001111100
01100100111100
11111000000011
01111000101001
10001101010011
00101111100100
01000111001110
10101110000011
11101111000000
00010110011110
01010010110101
10100110011100
11110100001100
10100100111100
10100000110111
10110011110000
01111000011010
00010010011111
10100011011100
00010110001111
00110000101111
00111011010001
10111101000001
00011111110000
00110101100101
10001110100011
11000111010010
01010001101101
11110001001001
01010110001110
10100101001011
01110010011010
10011110011000
00100010111110
11101010000110
10100010110101
10100010101110
10010000111110
11010010011010
01000101011011
00010011010111
10011000011101
11010011100001
01001001011011
10110101101000
01101000101011
11100101000011
10100101110010
00111001101010
10001000111011
01010111001010
00100001111011
11100001010101
11100011110000
01011100100011
10100111000101
10000011110011
11000001111010
00101101110001
00110110000111
11001101000011
11001110010010
10100110010101
00011101011100
10011010000111
01101100111000
01110011001001
01100011101010
10100001111100
10101101100100
00011011001110
00001100111101
10010100011101
00000010111111
00010100111011
00010011101011
11100100111000
00001100011111
00100010101111
01011011000011
11110111000000
01101011000101
11000101010101
01010111000101
10010001111010
01011110000011
10011010100110
10010110100110
00101001001111
01000111010110
11001100010110
00111101100010
01000101010111
10010011110010
11010111000100
11100010010101
00011101011001
01111010001001
00000101110111
01010011111000
01111110000001
00101001110110
10100100011110
11011011100000
10110011000110
01111010010010
10001010101110
11011010000011
10011101001001
00011100110110
11101000101001
01100100101011
10000011101011
11101101000001
00110011110100
10101101100010
11000111000110
01010111110000
00101110010011
11010001000111
11100000110011
00000101111101
01100111010001
11010101110000
00011100011110
11010100101010
00010111110010
01001010101101
10100110001101
11011010101000
01101010101100
00110110101100
00000110111011
01010001100111
01011011011000
01110101110000
00111000101110
00011011011001
00111100001101
10110000110011
01110001010110
01110011100100
01111010001100
00100101111100
10101110100010
00010011011011
00110111010010
00010011101101
11101000011010
10100100010111
10100110101010
01011000011101
11100100010101
00001100110111
00000111110011
00011011011010
01111001100001
01001111100001
00100110111001
10010110011010
01100110101100
11110010000011
01010100101101
11010001011001
01000011011110
01010110100011
00111011011000
10010111101000
00110011000111
00110101001110
00111010010101
00000100111111
11110001001010
10001110011100
01100000011111
01000111001101
11001110001100
01010110011010
01011000110110
11001110011000
10001001101101
10001101011010
01101101110000
10011001100110
10101111000010
10010010110110
01001100011101
00010011111010
01101000110110
01000111000111
10011110100001
11101100000011
00110011101010
01110110110000
11010001001011
00111011000011
10000100111110
10100010100111
10110010100110
10100011000111
00011001101011
11011000001110
10011110110000
01011010010011
01011011010100
11001101010100
11101010000011
01111010000011
01011101001010
11010011010001
11100000101110
00111001010011
01010101010101
01001000011111
10001100101110
10101010111000
00010101110101
11000100101011
11011100001100
00100011001111
10011100110100
01001011001101
10000110011110
00101111001100
11110000111000
01101100100110
10001001010111
11001011010010
11000110110010
11010001010110
00100111101001
