10110000011101
10101011001100
01101010010110
01110001010011
00101110110100
10011000010111
01100101110100
01100001101110
10100010110110
10011100100011
00000101011111
11000101000111
11110001001100
11110100100001
11101011100000
00111110000101
10001010110101
01010000111011
01010011010101
00001011110011
01011010011010
01111001100010
01110100011100
00110011001011
11011100010100
00100111001110
10010110110010
00101001111100
00010110001111
00111011100100
11101100001001
01011011110000
00001111111000
10111001011000
11100000001111
11100001110001
10000111001101
00110101011001
00001101110110
01111100000110
01011010000111
10000011111010
01001100111001
01001111001001
11011101000001
10110001101001
01111101001000
11000111010010
10001111100001
10010010011011
10001100101110
11001001100011
11001001111000
10100111000011
01001001011110
11111110000000
11100100011010
10011000111010
00010001101111
00011110100110
11001000101101
10101000100111
10011011010100
10111101000100
